 68 138 188 219 245 255 255 255 255 255 255 255 255 255 255 255 255 255
 255 255 255 255 255 255 255 255 255 255 255 255 255 255 255 255 255 255
 255 255 255 255 255 255 255 255 255 254 253 249 246 243 239 232 222 220
 218 211 204 203 204 208 210 208 208 207 203 197 194 195 196 198 202 205
 205 195 184 176 170 166 169 172 176 180 179 179 181 189 197 204 210 214
 216 215 212 209 204 197 187 176 167 160 152 155 160 163 167 171 176 179
 182 186 188 188 186 184 179 174 163 144 144 149 150 150 150 151 152 152
 154 155 155 152 145 142 140 137 137 138 135 131 127 114 115 122 129 134
 134 132 128 122 122 124 124 124 124 123 123 121 119 118 120 120 122 124
 127 127 126 122 114 109 109 109 108 109 107 105 100  98  99 100 100  98
  90  82  84  88  93  96  96  95  95  91  88  89  94 100 104 107 111 114
 115 112]
                                                          
[ 67 138 188 219 244 255 255 255 255 255 255 255 255 255 255 255 255 255
 255 255 255 255 255 255 255 255 255 255 255 255 252 255 255 255 255 254
 253 255 255 255 255 255 255 255 255 255 255 255 249 244 238 231 223 216
 200 189 190 194 199 204 206 206 206 208 206 204 202 203 203 204 202 199
 195 193 192 193 192 189 187 192 199 204 208 210 211 212 212 212 212 211
 211 211 208 202 194 181 169 162 160 162 164 161 158 155 159 165 172 176
 178 180 179 177 168 157 150 139 127 128 130 137 141 146 148 151 153 152
 152 151 147 140 138 138 137 139 139 137 129 126 126 129 132 137 142 144
 144 137 126 123 127 131 132 134 136 135 133 131 129 128 128 129 129 130
 129 125 121 116 106 101 100 101 102 104 104 104 101  99  96  91  91  93
  95  92  83  79  81  84  87  90  90  85  79  86  91  96 100 103 105 104
 106 107]
                                                          
[ 65 136 187 218 243 255 255 255 255 255 255 255 255 255 255 255 255 255
 255 255 255 253 255 255 255 255 255 255 255 255 255 255 255 255 255 255
 255 255 255 255 255 255 255 255 255 255 255 255 247 240 233 228 216 209
 209 209 210 211 211 209 207 207 208 211 210 208 206 205 204 203 201 200
 200 200 199 199 200 199 200 205 212 218 223 228 231 233 232 231 227 222
 215 205 196 189 185 184 182 180 178 175 169 162 160 160 163 169 173 175
 177 180 179 178 174 168 164 157 150 145 141 143 141 141 141 143 146 149
 150 152 154 154 152 149 147 145 143 137 128 122 115 100  98 103 107 110
 112 110  98 104 114 123 127 131 134 134 133 131 131 131 132 134 136 135
 133 130 128 124 116 108 104 105 108 113 116 119 121 121 120 118 118 119
 118 116 115 115 114 113 114 116 117 120 121 123 123 120 116 111 103  92
  94  98]
                                                          
[ 67 138 187 218 243 255 255 255 255 255 255 255 255 255 255 255 255 255
 255 255 255 252 255 255 255 255 255 255 255 255 255 255 255 255 255 255
 255 255 255 255 255 255 255 255 255 252 246 235 225 219 215 208 208 207
 208 206 202 191 182 180 182 185 191 196 199 200 200 198 194 184 182 188
 195 199 203 206 209 211 216 222 228 232 236 238 239 238 234 228 218 210
 208 206 203 201 201 202 199 194 187 179 176 174 173 172 174 177 179 177
 175 179 181 181 179 179 178 173 161 156 154 153 149 140 138 137 128 119
 116 113 113 112 110 110 116 123 128 132 136 140 142 142 142 142 142 144
 143 140 137 136 138 140 141 139 136 131 122 112 108 108 112 116 119 119
 119 119 118 117 117 118 118 117 115 112 107 103 101  96  89  92  97 103
 107 112 117 121 122 115 104 103 105 108 111 112 113 112 107  99  94  94
  96  95]
                                                          
[ 66 138 185 218 243 255 255 255 255 255 255 255 255 255 255 255 255 255
 255 255 255 252 255 255 255 255 255 255 255 255 255 255 255 255 255 255
 255 255 255 255 255 255 254 250 248 244 238 229 220 211 195 187 182 185
 188 194 196 197 199 195 193 196 199 202 202 197 192 192 194 196 196 188
 181 179 177 175 178 182 192 204 212 220 225 230 232 230 228 225 220 215
 213 213 213 212 210 210 208 202 193 186 178 164 159 158 153 152 156 159
 162 163 163 163 161 155 148 145 138 137 138 138 133 125 129 135 137 140
 142 142 144 147 149 148 142 140 136 128 118 119 120 122 126 128 130 129
 125 123 123 123 121 121 123 124 121 117 116 116 115 115 114 112 110 109
 111 116 121 124 127 130 130 128 129 125 119 110 107 104  97 100 106 110
 110 107 104 106 108 105  96  92  91  92  96  97  99  99  90  86  87  90
  97 102]
                                                          
[ 63 136 184 216 242 255 255 255 255 255 255 255 255 255 255 255 255 255
 255 255 255 253 255 255 255 255 255 255 255 255 255 253 247 245 234 235
 242 249 253 255 255 255 253 251 252 252 250 247 244 241 238 237 235 233
 229 228 226 221 216 209 206 202 202 201 201 198 195 191 190 191 188 186
 187 189 190 189 185 189 199 208 217 224 231 236 240 243 244 244 243 241
 239 235 230 226 218 211 205 199 193 186 179 176 175 175 170 160 160 165
 170 172 173 175 176 168 158 156 154 142 138 136 131 131 128 120 120 117
 117 121 123 129 133 132 126 126 123 123 122 123 125 128 131 130 125 117
 119 124 128 131 134 137 138 138 138 139 140 140 141 140 140 137 133 124
 116 108  97  88  84  84  84  87  88  88  86  90  95 101 105 112 119 124
 127 126 124 122 121 120 119 115 115 113 113 114 118 121 122 121 119 118
 115 112]
                                                          
[ 66 138 185 218 242 255 255 255 255 255 255 255 255 255 255 255 255 255
 255 255 255 255 255 255 255 255 255 255 255 255 255 255 254 252 248 249
 255 255 255 255 255 255 254 252 250 249 245 238 234 232 231 230 223 217
 211 209 202 194 191 193 198 199 199 199 198 198 193 189 183 178 179 182
 186 189 192 193 193 197 206 217 225 232 238 243 247 248 249 248 248 247
 244 240 234 229 222 214 208 202 189 181 178 172 167 170 173 174 170 169
 173 176 177 175 175 172 169 161 156 152 153 154 154 153 152 148 140 132
 136 141 147 149 153 157 159 159 158 160 160 161 161 158 155 151 149 147
 145 143 142 140 135 130 128 126 121 120 122 118 109 108 110 112 108 109
 114 117 120 124 128 130 131 131 130 128 121 113 100  91  93  98 103 108
 111 111 108 105 101  97  84  77  80  85  89  94 102 109 112 113 110 110
 110 109]
                                                          
[ 65 137 184 217 242 255 255 255 255 255 255 255 255 255 255 255 255 255
 255 255 255 255 255 255 255 255 255 255 255 255 255 255 255 255 254 251
 255 255 255 255 255 255 255 255 255 255 250 243 239 238 237 237 232 229
 226 223 218 211 208 207 211 211 208 198 192 194 195 196 195 194 189 183
 186 188 186 180 177 184 197 211 223 234 242 250 255 255 255 255 255 255
 253 250 247 244 241 237 232 227 222 216 212 207 203 200 200 199 194 185
 183 180 179 173 170 169 164 149 137 128 132 140 148 153 154 153 152 145
 142 142 145 147 148 147 144 138 131 126 122 119 125 135 141 146 151 156
 157 157 156 157 158 159 159 156 153 150 142 121 113 118 125 132 134 136
 134 131 124 116 112 111 111 113 118 122 126 125 123 120 118 116 119 121
 123 125 125 126 125 124 122 118 118 120 121 120 120 120 118 114 109 106
 105 101]
                                                          
[ 66 135 184 217 241 255 255 255 255 255 255 255 255 255 255 255 255 255
 255 255 255 253 255 255 255 255 255 255 255 255 255 255 255 255 255 254
 255 255 255 255 255 255 255 255 254 249 246 239 235 236 237 237 232 224
 217 204 196 200 201 202 205 208 211 208 205 202 203 203 202 205 207 206
 200 194 190 182 178 185 200 211 214 217 224 233 240 245 248 249 248 244
 237 224 213 211 213 212 204 201 199 198 200 201 199 195 191 186 181 170
 167 168 170 170 163 164 164 163 159 149 146 146 150 154 157 155 155 156
 155 151 132 119 115 116 109 109 119 128 135 143 150 157 162 166 167 166
 163 158 152 147 141 139 140 140 137 133 136 140 144 148 155 161 165 167
 170 171 171 171 171 170 168 168 166 164 161 158 154 149 143 134 129 122
 115 106 101 104 109 114 118 123 126 128 129 128 128 125 119 115 113 112
 110 108]
                                                          
[ 64 135 184 216 241 255 255 255 255 255 255 255 255 255 255 255 255 255
 255 255 255 252 255 255 255 255 255 255 255 255 255 255 255 255 255 255
 255 255 255 255 255 245 225 221 229 233 237 238 240 242 242 240 234 225
 220 213 209 208 199 184 184 175 176 183 181 170 173 176 176 174 172 174
 168 166 169 175 181 188 202 223 240 253 255 255 255 255 255 255 255 255
 255 255 255 255 255 255 248 240 233 228 226 225 224 223 221 219 214 207
 197 185 179 180 183 184 184 184 185 183 180 179 179 179 178 176 176 176
 174 167 159 153 142 137 140 147 152 158 163 165 168 170 171 173 172 173
 173 172 168 166 163 160 161 163 167 170 173 168 170 176 181 188 194 198
 202 204 203 201 195 187 177 166 159 155 153 152 149 144 137 131 127 127
 129 131 133 136 140 141 143 144 145 144 141 139 136 131 128 125 124 122
 117 114]
                                                          
[ 66 135 184 217 240 255 255 255 255 255 255 255 255 255 255 255 255 255
 255 255 255 253 255 255 255 255 255 255 255 255 255 255 255 255 252 252
 255 255 255 255 252 242 226 225 231 235 238 240 242 243 241 239 235 226
 225 223 223 220 213 205 197 195 198 202 202 201 202 203 206 206 206 202
 198 197 196 198 197 196 211 228 243 255 255 255 255 255 255 255 255 255
 255 255 255 255 255 255 255 255 255 250 245 240 237 235 232 231 229 226
 222 217 213 208 203 202 200 198 195 193 191 186 178 166 162 161 159 159
 162 162 162 164 166 165 149 138 131 133 138 146 152 159 166 169 167 160
 163 170 177 184 190 195 198 199 199 199 197 195 193 192 194 197 201 206
 210 212 216 218 217 217 215 210 206 200 193 184 177 172 165 161 157 152
 148 145 139 132 129 129 132 134 136 139 141 143 144 144 144 142 142 141
 139 137]
                                                          
[ 67 136 184 217 240 255 255 255 255 255 255 255 255 255 255 255 255 255
 255 255 255 253 255 255 255 255 255 255 255 255 255 255 255 255 247 246
 254 255 255 251 241 242 234 230 233 233 235 236 237 237 236 234 230 225
 223 221 217 213 208 202 195 197 200 202 198 188 189 191 194 196 197 196
 191 186 183 184 181 187 202 223 240 252 255 255 255 255 255 255 255 255
 255 255 255 255 255 255 252 242 236 234 232 229 224 223 226 227 229 230
 231 231 229 225 219 212 201 189 187 187 186 186 187 184 182 181 180 181
 182 182 181 174 167 165 161 158 159 157 152 152 159 164 163 159 164 175
 186 195 203 210 215 219 221 221 220 218 213 206 212 220 230 238 245 251
 255 255 255 255 251 246 238 228 217 202 184 164 145 138 137 138 143 149
 153 156 157 155 152 153 155 159 163 167 168 167 166 164 159 153 147 141
 136 130]
                                                          
[ 65 135 184 216 240 255 255 255 255 255 255 255 255 255 255 255 255 255
 255 255 255 252 255 255 255 255 255 255 255 255 255 255 255 255 251 249
 254 254 248 251 252 254 251 249 247 244 244 243 241 236 232 231 230 229
 227 223 217 212 211 210 205 200 198 200 199 200 196 194 195 197 199 197
 191 176 169 167 166 177 200 226 244 255 255 255 255 255 255 255 255 255
 255 255 255 252 248 246 242 230 222 221 219 215 211 212 216 220 225 227
 229 226 223 221 216 210 203 200 200 197 192 192 193 193 193 194 193 192
 189 184 179 174 169 165 161 158 153 141 132 143 160 176 186 192 194 194
 198 202 206 210 214 218 220 221 220 218 212 214 225 236 247 255 255 255
 255 255 255 255 255 255 255 255 255 249 242 234 229 222 215 207 196 185
 164 159 163 168 170 171 173 173 171 168 166 162 159 154 150 148 148 144
 139 140]
                                                          
[ 65 134 183 216 239 254 255 255 255 255 255 255 255 255 255 255 255 255
 255 255 255 253 255 255 255 254 254 255 255 255 255 255 255 255 253 255
 255 255 255 255 255 255 254 251 242 234 236 236 236 233 230 228 229 231
 231 230 224 219 214 210 203 198 195 188 173 158 154 155 149 158 169 177
 183 181 179 179 180 180 200 224 243 255 255 255 255 255 255 255 255 255
 255 255 255 255 255 255 255 253 246 238 231 224 217 210 208 210 211 212
 212 213 213 211 209 208 204 200 199 195 194 195 196 196 192 189 184 180
 177 175 171 168 165 162 158 153 151 148 147 153 164 174 181 184 184 183
 181 181 183 187 191 195 198 199 197 196 199 209 224 235 246 255 255 255
 255 255 255 255 255 255 253 245 236 227 221 216 210 204 199 195 191 186
 183 180 177 176 174 173 173 173 172 171 170 166 160 156 147 131 132 134
 135 136]
                                                          
[ 65 136 183 216 240 254 255 255 255 255 255 255 255 255 255 255 255 255
 255 255 255 252 255 255 254 251 252 249 254 255 255 251 248 245 249 254
 255 255 255 255 251 251 249 247 237 230 230 229 231 230 230 228 227 230
 232 233 231 229 227 224 218 214 207 203 205 209 211 210 209 208 206 204
 202 197 194 188 185 190 206 228 245 255 255 255 255 255 255 255 255 255
 255 255 255 255 255 255 255 255 255 255 255 253 248 243 238 231 228 228
 226 221 216 215 214 210 207 207 207 207 204 201 196 189 181 177 176 175
 175 176 177 177 175 175 173 172 171 171 171 174 177 180 180 180 179 178
 174 165 164 162 159 161 161 159 152 143 143 161 183 202 217 230 240 248
 254 255 255 255 252 248 242 232 221 211 203 198 196 195 194 193 192 190
 188 185 183 180 176 174 168 160 150 145 148 152 157 161 163 163 161 158
 152 144]
                                                          
[ 63 132 181 214 238 253 255 255 255 255 255 255 255 255 255 255 255 255
 255 255 255 251 254 255 255 255 255 255 255 255 255 247 233 233 237 241
 249 251 251 249 248 251 252 252 248 237 232 231 235 237 239 239 237 234
 231 229 220 216 214 211 208 208 207 204 202 205 206 202 198 198 200 201
 201 199 198 193 189 193 206 226 243 255 255 255 255 255 255 255 255 255
 255 255 255 255 255 255 255 255 255 255 255 252 248 246 242 239 236 233
 229 226 223 220 216 212 211 210 209 208 205 201 198 195 191 187 186 185
 182 181 180 177 166 152 146 147 151 155 159 165 170 173 172 168 162 154
 152 155 157 158 157 154 147 143 145 149 154 163 173 184 197 208 217 226
 233 236 239 239 237 232 225 214 193 179 178 181 183 184 185 185 185 184
 183 181 181 180 178 173 166 159 154 155 158 161 164 168 170 172 171 170
 168 163]
                                                          
[ 64 133 182 215 238 253 255 255 255 255 255 255 255 255 255 255 255 255
 255 255 255 252 254 255 255 255 255 255 255 255 255 255 255 255 253 242
 245 246 244 244 246 250 253 255 255 253 248 245 246 246 247 246 244 237
 227 219 199 195 197 199 198 197 199 198 196 196 198 198 194 192 194 196
 196 194 192 186 184 184 193 213 234 249 255 255 255 255 255 255 255 255
 255 255 255 255 255 255 255 255 255 255 255 250 246 243 239 236 235 233
 230 226 223 217 211 200 189 178 172 173 177 182 187 189 192 193 191 189
 186 182 176 169 165 165 165 164 164 164 166 167 170 172 172 172 169 165
 159 156 156 157 156 152 150 149 149 150 149 150 164 181 198 212 224 233
 240 246 248 248 248 245 240 233 224 214 207 200 194 190 186 182 178 174
 172 169 168 168 170 172 172 173 173 174 174 174 173 172 171 169 168 164
 159 152]
                                                          
[ 63 135 182 214 239 253 255 255 255 255 255 255 255 255 255 255 255 255
 255 255 255 251 255 255 255 255 255 255 255 255 255 255 255 255 255 255
 255 255 255 248 246 242 237 235 231 230 225 219 222 223 224 219 203 197
 196 193 198 203 210 214 214 207 200 197 192 189 180 167 153 146 147 156
 161 162 166 172 178 182 189 210 230 246 255 255 255 255 255 255 255 255
 255 255 255 255 255 255 255 255 254 248 240 234 224 210 204 202 198 190
 180 177 171 166 171 174 176 175 177 179 179 179 179 181 179 176 175 177
 178 177 176 173 169 160 152 149 147 143 144 145 146 146 144 145 142 140
 138 137 138 143 148 152 154 154 155 155 154 151 147 164 179 190 199 206
 213 218 218 218 219 217 214 211 207 203 199 194 188 182 177 168 163 162
 163 160 160 165 171 175 179 184 188 189 190 190 189 185 182 178 175 170
 165 161]
                                                          
[ 64 132 182 214 237 253 255 255 255 255 255 255 255 255 255 255 255 255
 255 255 255 251 255 255 255 255 255 250 254 255 255 255 255 255 255 252
 250 251 254 254 254 252 248 243 229 228 225 218 211 206 205 201 191 180
 182 184 191 196 201 203 201 190 187 185 180 178 181 185 185 184 185 186
 186 185 184 185 187 187 189 205 225 241 252 255 255 255 255 255 255 255
 255 255 255 252 249 245 241 238 233 228 224 221 218 214 210 205 201 198
 196 196 195 193 191 189 184 175 169 160 160 161 162 163 167 171 174 176
 177 179 178 175 173 171 168 165 164 165 168 170 170 171 170 170 169 166
 161 158 155 153 154 155 154 154 154 152 147 144 138 146 159 165 171 172
 177 181 176 176 177 176 176 179 180 179 178 175 171 167 161 157 156 150
 142 147 153 158 161 164 170 175 178 180 182 182 180 177 175 172 169 165
 162 159]
                                                          
[ 63 132 181 214 237 252 255 255 255 255 255 255 255 255 255 255 255 255
 255 255 255 249 253 255 255 255 255 249 244 239 238 234 227 219 225 230
 240 247 252 255 255 255 255 254 249 248 247 241 233 225 220 215 210 206
 200 195 196 192 188 171 161 168 177 185 192 197 203 207 209 211 210 209
 205 198 193 187 177 172 176 190 206 218 226 231 236 240 241 241 241 237
 234 231 223 214 211 210 207 204 203 204 203 203 203 202 202 200 199 198
 198 198 198 196 195 194 193 191 189 183 173 166 165 167 170 175 179 182
 185 188 188 189 187 185 180 174 170 167 167 167 165 163 164 164 163 162
 162 162 160 159 155 151 148 148 146 143 140 140 141 139 133 132 135 133
 137 144 147 151 158 164 169 172 171 170 166 161 156 150 146 143 140 138
 144 150 155 158 160 162 165 168 169 171 174 174 173 172 170 168 164 159
 155 152]
                                                          
[ 61 132 181 213 237 253 255 255 255 255 255 255 255 255 255 255 255 255
 255 255 255 248 253 255 255 255 250 243 243 244 248 246 244 239 242 244
 249 254 255 255 255 255 253 251 242 238 235 223 210 210 208 210 207 204
 194 187 182 177 175 178 177 176 177 182 188 195 199 204 207 209 211 209
 204 196 191 178 169 174 183 195 206 211 213 216 220 227 233 236 238 240
 240 238 235 233 231 228 225 222 221 220 216 211 208 204 200 196 194 192
 188 180 175 166 154 137 139 141 143 135 131 129 134 140 146 150 152 155
 158 161 162 163 163 162 158 157 156 154 154 157 157 157 156 155 153 148
 140 131 132 134 133 135 137 140 137 131 130 130 131 132 129 128 129 122
 114 113 109 106 115 124 129 133 137 139 140 139 136 130 113 109 111 115
 121 126 127 126 126 127 129 131 134 139 143 145 148 150 150 150 148 145
 142 139]
                                                          
[ 64 132 182 214 237 253 255 255 255 255 255 255 255 255 255 255 255 255
 255 255 255 250 254 255 255 255 255 254 255 255 255 255 255 255 255 253
 248 248 250 246 242 241 237 230 225 223 222 210 202 204 200 200 198 200
 197 190 183 179 182 183 177 165 154 157 165 173 179 187 192 196 199 198
 193 179 173 170 167 170 175 185 199 212 222 230 236 241 244 244 243 243
 242 239 237 235 232 227 224 221 216 210 204 198 194 187 182 184 188 191
 189 188 189 187 183 179 178 176 169 163 158 154 152 150 147 146 145 142
 139 131 128 130 133 136 134 129 120 115 112 110 112 114 117 120 120 120
 112 105 109 113 117 121 123 123 121 122 125 128 129 129 129 127 122 118
 118 120 122 125 126 128 130 132 132 132 131 128 124 121 116 113 113 113
 114 115 119 121 118 106 106 112 120 127 132 137 138 136 135 133 131 129
 128 128]
                                                          
[ 61 133 180 214 238 252 255 255 255 255 255 255 255 255 255 255 255 255
 255 255 255 250 255 255 255 255 255 255 255 255 255 255 255 255 255 255
 252 250 251 245 242 237 225 214 216 216 218 205 192 196 198 201 201 204
 205 204 198 193 194 196 197 195 189 181 181 185 189 194 195 195 194 192
 189 180 177 175 177 173 173 181 193 206 217 226 234 239 242 242 241 241
 239 236 233 229 224 218 214 212 206 201 201 201 198 194 192 189 182 174
 164 165 168 169 166 162 162 162 163 163 164 166 166 166 165 164 162 158
 154 149 143 136 136 133 117 107 113 120 126 129 130 131 134 136 136 137
 138 137 138 135 134 130 129 130 124 118 117 114 108 108 110 113 112 111
 110 105 108 112 116 119 122 121 118 111 108 104  99  96  97 102 108 113
 118 123 127 131 130 126 118 103 104 113 122 129 133 132 127 119 109 110
 115 122]
                                                          
[ 60 132 180 213 238 252 255 255 255 255 255 255 255 255 255 255 255 255
 255 255 255 250 255 255 255 255 255 252 255 255 255 251 255 255 255 255
 255 255 255 255 255 255 250 236 226 221 216 203 195 199 203 210 213 217
 217 219 216 208 206 204 198 193 195 195 186 190 195 199 200 200 201 198
 193 185 182 177 170 162 155 152 151 157 163 173 184 193 200 204 207 208
 207 203 200 196 185 186 187 182 159 152 150 156 162 163 159 159 159 161
 162 160 161 164 163 158 156 157 157 157 157 153 145 142 144 146 147 149
 152 152 152 150 147 144 140 136 134 135 133 130 122 123 125 127 129 131
 133 134 135 134 134 133 131 132 131 130 129 129 129 129 131 132 133 132
 130 130 128 122 105  90  88  91  97 104 109 112 114 117 119 121 121 120
 120 117 107 101 101 103 107 110 112 114 119 122 124 126 128 131 130 126
 124 118]
                                                          
[ 65 136 183 215 239 253 255 255 255 255 255 255 255 255 255 255 255 255
 255 255 255 250 255 255 255 255 255 252 253 250 249 244 251 255 255 255
 255 255 255 255 255 255 255 249 246 245 239 223 218 218 218 221 221 221
 220 220 215 193 193 190 187 193 198 200 192 192 193 193 190 190 190 182
 176 174 169 170 169 171 177 180 185 186 185 186 188 192 198 202 203 207
 211 210 207 204 201 194 190 190 185 176 173 168 157 159 161 160 157 158
 161 165 167 169 171 171 172 172 170 168 166 160 142 137 136 133 125 124
 124 113 111 117 125 132 139 142 144 146 148 150 149 148 146 143 141 137
 134 132 133 133 132 131 131 130 124 118 117 120 122 123 126 127 128 130
 131 133 133 132 127 123 120 118 114 109 107 108 111 115 120 122 123 126
 127 127 125 124 124 121 115 109 106 106 107 108 109 111 113 115 115 115
 117 113]
                                                          
[ 61 133 180 213 238 252 255 255 255 255 255 255 255 255 255 255 255 255
 255 255 255 250 255 255 255 245 241 244 237 237 225 233 242 250 252 252
 255 255 255 255 255 255 255 255 255 252 243 234 226 227 228 232 234 234
 233 228 223 222 222 220 220 221 221 217 209 205 200 198 196 194 190 181
 176 177 177 180 182 185 188 191 194 194 198 203 208 210 210 214 215 212
 212 212 210 206 205 205 198 188 185 183 173 159 161 161 157 158 160 161
 159 158 160 161 159 155 149 143 135 132 131 135 138 140 143 144 144 144
 142 140 140 138 138 139 140 141 140 138 137 137 134 133 134 135 134 126
 122 127 134 137 134 133 133 132 126 120 117 114 111 110 110 110 110 100
 101 108 113 117 120 124 128 129 129 129 129 128 127 127 126 125 122 122
 123 125 125 126 128 131 134 137 139 140 139 136 131 126 119 121 122 121
 119 119]
                                                          
[ 60 131 181 212 238 252 255 255 255 255 255 255 255 255 255 255 255 255
 255 255 255 251 255 255 255 251 247 250 252 254 249 253 255 255 255 254
 254 254 255 255 255 255 255 254 245 242 237 236 236 238 238 239 238 236
 232 227 225 225 225 226 226 226 225 222 218 216 214 213 211 209 205 201
 196 189 181 167 161 165 169 175 184 191 194 195 195 193 186 190 197 201
 203 207 209 209 207 207 205 199 191 188 188 186 183 181 184 184 183 180
 175 169 165 159 152 148 146 144 137 137 139 140 141 141 140 140 139 140
 142 141 141 141 143 144 143 143 142 140 134 120 110 109 107 113 112  97
  96 104 112 114 117 120 118 117 118 119 115 109 105 100  94  96 102 108
 111 110 106 103 105 106 107 102 100  98  97  94  97 100 100 102 102 105
 108 110 107 101 100 100 105 109 111 109 114 120 125 129 131 132 133 132
 130 130]
                                                          
[ 62 132 182 213 238 253 255 255 255 255 255 255 255 255 255 255 255 255
 255 255 255 251 254 254 255 253 253 251 254 255 254 252 254 255 255 249
 247 249 251 251 255 255 255 253 246 243 239 234 230 228 226 225 223 219
 215 212 209 212 213 214 214 213 214 212 212 209 207 207 204 202 196 192
 187 184 180 177 176 171 168 159 159 168 176 186 193 197 199 193 188 185
 186 190 194 195 197 197 197 193 188 184 181 179 175 172 171 171 171 167
 157 151 149 150 151 153 156 158 159 160 161 164 165 165 165 165 166 167
 166 163 162 161 159 155 150 144 136 129 130 132 131 129 126 121 120 122
 123 122 118 123 125 123 119 116 118 120 119 117 117 115 110 105 102  93
  84  75  74  75  85  86  89  90  81  81  91 100 108 113 118 121 124 124
 124 123 123 123 125 127 130 131 133 131 129 129 130 131 128 126 128 128
 129 135]
                                                          
[ 66 135 184 215 239 253 255 255 255 255 255 255 255 255 255 255 255 255
 255 255 255 249 251 254 255 255 255 251 255 255 255 255 252 254 250 242
 246 250 254 254 255 255 255 255 252 250 247 237 216 209 208 206 207 206
 203 195 198 200 198 196 195 193 196 195 195 194 192 192 182 171 168 164
 165 161 144 146 153 157 158 151 150 153 158 167 178 185 191 191 184 180
 179 182 184 181 182 184 184 183 177 164 157 158 161 163 155 139 139 134
 140 145 147 144 133 129 133 135 138 138 141 144 146 149 151 153 155 155
 153 152 152 149 147 142 135 135 139 141 143 145 144 139 135 137 137 134
 131 129 128 122 106  99  94 100 108 115 121 125 128 130 132 132 129 122
 119 118 115 113 110 107 106 108 112 113 110 107 109 113 114 115 118 121
 122 121 121 121 117 114 112 102 100 105 111 116 119 119 119 124 130 136
 140 146]
                                                          
[ 64 135 183 214 240 253 255 255 255 255 255 255 255 255 255 255 255 255
 255 255 255 248 252 255 255 255 255 255 255 255 255 255 251 250 248 250
 255 255 255 255 255 255 255 255 254 255 252 248 241 237 232 223 217 214
 212 201 195 192 182 179 176 167 170 167 166 162 158 155 161 165 171 173
 177 177 179 175 168 167 169 174 177 181 187 189 193 194 192 190 188 188
 183 179 180 182 183 186 181 174 173 175 174 174 173 173 169 165 163 160
 160 159 155 150 147 145 144 138 138 137 137 138 123 116 117 111 106 104
 104 107 109 108  96  89  86  92  99 100  97  93  87  94 103 113 121 127
 132 135 138 137 134 128 122 122 125 129 132 134 134 134 134 131 126 124
 126 127 125 123 118 114 103  99  99 103 108 115 122 130 137 144 149 154
 157 159 161 160 159 157 155 151 146 143 141 141 140 138 134 133 135 140
 144 148]
                                                          
[ 64 133 182 213 238 252 255 255 255 255 255 255 255 255 255 255 255 255
 255 255 255 249 252 255 255 255 255 255 255 255 255 255 255 255 255 255
 255 255 255 255 255 255 255 252 251 251 250 247 245 243 241 238 235 234
 233 229 222 219 217 214 206 202 199 197 196 189 184 177 172 168 172 172
 177 178 181 178 175 170 156 149 160 170 179 186 192 194 193 189 185 184
 180 179 172 167 172 176 181 184 184 185 183 179 175 172 163 152 147 138
 136 137 139 140 140 142 144 145 148 147 144 135 124 121 125 133 138 142
 144 146 144 141 133 125 118 114 117 123 129 134 137 138 138 133 124 111
 112 117 123 126 125 118 104  94  93  98 102 103 102 103 109 110 112 114
 117 114 101  95  91  90  83  79  87  96 108 120 129 136 142 146 148 149
 149 149 148 147 147 147 146 146 146 147 148 150 152 150 147 145 144 144
 144 145]
                                                          
[ 60 132 181 212 238 252 255 255 255 255 255 255 255 255 255 255 255 255
 255 255 255 248 253 255 255 255 255 255 255 255 255 255 255 255 255 255
 255 255 255 255 255 255 253 247 244 242 242 241 242 243 244 244 244 243
 243 240 236 234 233 231 226 220 214 206 200 187 187 191 194 195 196 194
 194 192 190 184 177 176 171 172 176 181 184 187 191 194 197 195 191 191
 189 182 179 178 182 185 188 189 190 189 184 180 176 171 157 151 150 146
 134 129 117 112 119 127 134 139 145 146 146 147 144 141 136 125 121 126
 134 140 143 146 143 140 137 136 137 138 139 138 138 138 140 140 141 139
 136 132 129 128 126 127 125 120 111 108 108 106  95  75  79  82  84  87
  88  86  76  73  79  87  93 100 108 114 120 125 129 132 132 131 126 122
 119 116 114 113 110 108 111 118 124 129 133 137 140 139 136 136 140 142
 144 147]
                                                          
[ 61 131 181 212 238 252 255 255 255 255 255 255 255 255 255 255 255 255
 255 255 255 249 253 255 255 255 255 255 255 255 255 254 255 255 255 243
 242 243 244 248 252 254 251 249 247 245 243 242 243 243 244 245 244 243
 240 236 231 229 228 227 223 219 214 201 193 193 195 195 192 188 187 186
 186 184 180 177 174 172 176 181 186 190 192 193 194 194 195 192 187 185
 183 177 175 178 182 183 182 180 178 174 161 150 151 152 157 160 160 154
 143 140 140 136 130 125 113 113 120 124 129 125 120 121 112 113 123 132
 138 144 149 153 152 151 148 147 146 146 145 143 141 140 141 139 135 127
 115 112  99  96  97 102 110 116 123 129 133 135 136 135 133 130 126 122
 120 116 113 109 105  97  90  80  68  70  72  80  87  91  96 101 105 109
 111 112 111 105 102 105 112 119 126 133 138 143 145 144 136 129 130 134
 138 144]
                                                          
[ 61 133 181 212 239 252 255 255 255 255 255 255 255 255 255 255 255 255
 255 255 255 249 253 255 253 241 241 242 247 250 249 242 241 241 242 248
 250 252 252 255 255 255 253 250 249 248 245 239 237 235 236 237 234 232
 228 221 213 214 216 217 216 216 215 208 199 195 190 184 174 173 177 179
 178 175 171 169 169 168 171 176 181 186 188 190 191 190 187 177 166 164
 156 155 150 150 154 152 143 147 148 145 152 161 170 174 179 181 178 177
 174 167 161 141 132 131 135 140 141 146 152 155 157 156 154 153 153 155
 157 158 159 159 158 155 152 150 151 150 147 143 140 140 141 140 134 123
 123 128 134 139 145 148 150 150 150 148 145 140 135 131 129 127 125 126
 127 128 128 126 121 115 108 107 106 107 110 112 111 107  98  88  88  91
  91  89  89  87  83  87  91  97 105 112 119 125 129 129 125 116 109 108
 114 122]
                                                          
[ 64 135 183 213 240 253 255 255 255 255 255 255 255 255 255 255 255 255
 255 255 255 249 253 255 253 249 246 239 240 241 245 245 239 228 231 236
 241 243 243 246 248 249 245 239 237 238 234 226 214 206 189 182 177 172
 173 169 174 184 194 200 202 205 207 203 186 187 191 193 193 191 187 186
 185 186 187 185 184 181 181 178 175 177 182 185 186 184 185 185 179 165
 157 164 172 180 185 190 194 195 195 195 196 195 193 189 187 184 182 183
 182 182 181 178 176 171 167 164 162 164 163 164 166 165 163 161 162 161
 156 151 149 150 150 151 153 155 157 158 158 157 153 147 143 143 143 140
 137 138 137 129 104  95  95  90  86  80  72  76  81  86  93  99 103 104
 108 111 112 109 107 103  99  99 100 102 102 101 101 102 103 107 113 116
 116 119 122 124 125 125 124 121 119 118 119 119 118 117 116 117 118 118
 119 118]
                                                          
[ 63 132 183 213 238 253 255 255 255 255 255 255 255 255 255 255 255 255
 255 255 255 248 253 255 255 255 255 255 254 252 253 249 232 228 216 207
 217 224 228 234 240 243 239 233 232 232 227 218 207 204 199 186 180 177
 172 171 179 185 192 194 194 195 196 190 188 191 194 195 195 194 192 191
 192 191 188 184 184 181 180 180 179 182 186 189 188 174 171 164 165 168
 171 172 172 176 182 189 195 199 201 200 200 199 198 195 189 183 176 169
 166 163 155 150 152 151 144 139 139 142 143 141 134 131 127 129 136 143
 145 143 143 146 150 153 156 158 160 161 161 160 157 151 146 143 142 141
 138 138 139 137 132 126 116 105  94  94  97 103 107 112 116 117 114 109
 108 105  97  82  84  88  90  93  95  93  87  82  85  92  98 105 112 118
 122 124 126 129 129 126 121 118 117 120 123 124 123 121 120 120 119 118
 115 109]
                                                          
[ 64 133 184 213 239 253 255 255 255 255 255 255 255 255 255 255 255 255
 255 255 255 248 254 255 255 255 255 255 255 255 255 249 248 252 253 254
 255 255 255 250 252 252 244 236 237 237 233 226 210 199 186 184 193 201
 207 210 213 211 208 205 202 202 199 197 197 200 202 203 201 198 194 192
 190 187 184 179 169 167 166 167 159 161 165 172 177 181 183 184 183 181
 184 189 193 199 207 214 219 221 220 221 221 217 212 207 198 172 169 172
 175 178 178 176 174 170 168 168 168 167 162 160 160 157 145 123 112 113
 116 122 127 131 130 127 119 116 116 116 111 103  96  92  98 107 113 118
 121 122 123 121 122 125 129 130 130 130 129 126 121 118 117 113 106 104
 104 108 110 113 114 113 112 110 109 105 104 105 107 109 109 110 110 111
 110 107 106 101 100 106 113 118 121 123 127 126 126 125 123 124 124 120
 115 111]
                                                          
[ 61 133 182 212 240 252 255 255 255 255 255 255 255 255 255 255 255 255
 255 255 255 249 254 255 255 255 255 255 255 255 255 253 254 255 255 255
 255 255 255 255 255 255 251 239 240 242 241 235 216 203 200 196 202 206
 211 209 208 202 195 192 185 184 184 181 170 176 182 188 189 184 184 187
 191 192 191 189 185 174 171 173 172 174 175 175 175 176 179 178 174 172
 179 189 197 202 206 209 212 211 211 212 212 210 210 210 208 207 207 206
 203 199 194 189 183 177 171 169 171 172 170 170 171 169 163 152 152 153
 152 153 155 159 161 161 157 154 152 147 142 139 138 138 134 133 131 128
 121 112 107  98  92  95  97  97  97  97  94  89  91  95  97  97 102 109
 114 119 122 125 127 128 130 130 127 122 116 109 104 104 104 106 109 112
 112 112 113 109 101 101 104 104 102 102 103 108 114 118 120 118 118 118
 114 113]
                                                          
[ 61 132 184 212 239 253 255 255 255 255 255 255 255 255 255 255 255 255
 255 255 255 248 252 255 255 255 255 255 255 255 255 255 255 255 255 253
 254 255 255 252 254 254 251 247 247 249 249 243 235 232 231 227 217 208
 203 195 188 185 173 179 181 184 181 178 183 182 183 186 190 195 196 192
 182 167 166 168 173 172 168 168 168 169 160 152 157 161 162 162 163 166
 167 183 200 214 226 235 242 248 251 253 253 250 249 246 241 236 230 224
 218 210 204 200 195 185 170 165 163 161 158 157 158 156 153 154 157 160
 160 160 158 157 155 149 136 136 138 136 130 130 130 129 122 114 111 106
 105 108 113 119 124 127 130 133 134 135 134 133 132 131 129 129 129 129
 128 127 127 128 129 131 134 134 134 130 126 120 111 106 102 104 106 106
 107 112 117 121 124 127 126 122 118 110 103 102 105 110 114 117 120 123
 122 121]
                                                          
[ 61 131 182 211 239 252 255 255 255 255 255 255 255 255 255 255 255 255
 255 255 255 247 253 255 255 255 255 255 255 255 255 255 255 255 255 255
 255 255 255 248 248 249 247 243 243 245 244 240 234 229 225 215 199 189
 179 177 172 173 174 184 189 194 194 191 186 171 174 183 190 193 193 192
 185 181 173 168 172 172 172 169 167 165 162 163 163 167 168 166 160 162
 169 187 208 225 239 249 255 255 255 255 255 255 255 255 253 244 232 219
 205 191 184 178 173 168 165 166 167 168 169 169 171 173 175 176 175 175
 174 171 167 164 159 153 151 151 152 152 152 151 146 141 138 136 133 130
 127 122 119 123 129 134 137 137 136 133 126 124 124 125 126 127 127 128
 128 125 124 123 123 126 128 128 128 127 126 122 116 106  92  92  97 103
 113 122 132 142 150 158 165 169 172 174 174 173 170 166 161 154 146 135
 126 120]
                                                          
[ 61 133 183 211 240 253 255 255 255 255 255 255 255 255 255 255 255 255
 255 255 255 244 252 255 255 255 255 255 255 255 255 255 255 255 255 255
 255 255 255 250 248 248 244 239 237 237 237 232 226 219 214 197 189 189
 176 170 173 168 164 169 171 175 171 173 174 180 185 191 193 193 188 188
 189 187 179 179 182 181 178 175 171 165 156 159 162 168 170 169 170 165
 171 194 215 233 247 255 255 255 255 255 255 255 255 255 255 255 255 248
 241 234 227 220 215 209 204 197 190 186 184 178 162 148 144 139 142 149
 154 160 165 169 171 171 169 164 156 146 130 124 118 115 117 120 119 122
 126 131 134 137 141 144 146 146 146 145 143 141 138 134 132 133 134 134
 131 127 121 115 114 117 120 121 121 122 125 128 130 132 135 138 138 139
 133 138 147 156 164 171 176 180 182 181 182 181 180 179 177 175 172 170
 167 165]
                                                          
[ 65 134 185 212 240 254 255 255 255 255 255 255 255 255 255 255 255 255
 255 255 255 248 253 255 255 255 255 255 255 255 255 255 255 255 255 255
 255 254 255 253 252 251 248 244 238 235 229 214 211 211 209 209 208 209
 200 189 189 177 176 178 183 191 195 198 198 199 199 196 185 175 174 172
 168 158 157 159 161 157 150 152 139 136 143 153 159 162 163 163 165 164
 169 192 217 236 250 255 255 255 255 255 255 255 255 255 255 255 255 255
 255 253 247 241 236 230 223 218 215 211 208 205 203 202 200 197 194 193
 192 189 186 184 180 175 171 169 168 166 161 154 145 144 145 146 147 151
 155 158 161 162 163 162 161 160 157 153 147 141 133 126 121 118 114 108
 101 103 108 112 112 111 103  90  92  92  95 101 107 113 119 123 129 131
 136 151 165 178 188 196 203 207 207 206 204 201 198 195 193 191 188 185
 181 176]
                                                          
[ 66 135 185 213 241 254 255 255 255 255 255 255 255 255 255 255 255 255
 255 255 255 250 253 255 253 251 253 255 255 255 255 255 255 255 255 255
 255 254 255 254 251 250 247 242 221 216 209 211 215 219 218 219 217 217
 208 196 197 197 196 189 187 189 187 187 184 185 186 185 181 175 171 162
 159 164 170 171 165 168 173 175 171 167 167 163 162 163 162 163 164 161
 165 188 214 235 249 255 255 255 255 255 255 255 255 255 255 255 255 255
 255 255 252 246 241 234 227 221 217 214 213 212 211 210 209 207 204 201
 199 196 193 190 188 183 178 175 169 162 155 150 151 156 158 159 160 159
 159 157 154 149 143 140 136 130 125 125 127 127 125 124 124 126 130 133
 134 133 129 125 117 108  99  95  97 106 114 120 124 126 126 122 118 115
 116 136 158 174 187 197 206 211 212 210 207 199 185 174 169 168 168 168
 168 166]
                                                          
[ 63 135 184 212 241 254 255 255 255 255 255 255 255 255 255 255 255 255
 255 255 255 249 253 255 255 255 255 255 255 255 255 255 255 255 255 255
 255 255 255 255 253 250 249 243 234 230 222 222 223 224 223 223 223 223
 217 208 203 199 198 190 188 190 186 183 178 181 185 188 184 174 167 165
 156 155 153 154 156 159 159 164 166 159 151 151 156 162 166 166 167 164
 167 186 210 231 246 255 255 255 255 255 255 255 255 255 255 255 255 254
 248 242 235 229 221 214 207 200 195 192 191 190 190 189 188 186 184 183
 182 178 178 176 174 173 170 169 164 158 151 146 143 146 149 151 150 149
 148 147 146 145 144 141 140 139 138 135 132 132 133 135 133 132 133 134
 133 128 119 112 109 117 125 131 135 141 147 150 151 152 151 151 150 150
 145 150 164 175 184 191 197 200 200 198 195 189 183 176 169 162 155 149
 146 144]
                                                          
[ 71 139 188 214 242 255 255 255 255 255 255 255 255 255 255 255 255 255
 255 255 255 246 253 255 255 255 255 255 255 255 255 255 255 255 255 255
 255 255 255 255 255 255 255 250 240 239 233 226 220 217 214 212 209 209
 200 188 188 191 194 196 199 205 205 203 201 201 201 196 184 178 175 167
 166 169 172 174 177 183 186 189 190 186 184 185 187 188 188 185 183 181
 184 192 211 228 240 250 255 255 255 255 255 254 247 242 238 232 226 223
 218 214 208 204 202 197 195 195 191 185 180 178 176 175 171 168 164 159
 154 142 131 126 129 136 141 144 146 144 140 137 135 132 130 124 106 107
 114 119 122 126 129 130 131 132 134 137 139 141 142 142 137 135 136 136
 137 135 131 126 126 131 135 137 136 139 142 145 148 150 152 153 153 153
 152 150 159 168 175 181 186 190 191 191 189 185 180 174 167 157 147 141
 138 137]
                                                          
[ 62 134 186 212 241 254 255 255 255 255 255 255 255 255 255 255 255 255
 255 255 255 245 253 255 255 255 255 255 255 255 255 255 255 255 255 255
 255 255 255 255 255 255 255 255 252 251 244 235 224 208 197 194 196 196
 200 206 211 213 213 213 214 216 216 214 207 203 201 198 195 194 192 189
 187 189 191 193 196 199 201 200 195 188 185 186 189 192 196 199 201 201
 202 209 219 225 231 235 237 237 227 220 221 225 229 232 233 231 228 221
 214 202 189 182 179 177 176 176 176 174 170 168 170 169 165 155 151 150
 152 153 155 152 143 132 128 126 132 137 137 139 141 142 139 139 138 137
 135 134 132 130 129 130 132 134 136 136 135 134 134 134 129 126 119 119
 122 124 128 131 134 137 139 142 145 145 147 150 153 156 158 158 159 159
 158 156 160 166 170 174 176 177 174 168 161 155 154 155 156 157 157 156
 155 152]
                                                          
[ 61 134 184 212 242 254 255 255 255 255 255 255 255 255 255 255 255 255
 255 255 255 248 254 255 255 255 255 255 255 255 255 255 255 255 255 255
 255 255 255 255 255 255 255 251 247 244 229 216 216 213 209 204 206 206
 208 209 211 211 208 203 205 207 211 213 212 208 205 201 197 198 200 201
 201 201 202 204 206 209 210 208 205 201 197 193 188 185 187 191 193 194
 197 204 217 230 240 249 255 255 255 255 255 255 254 250 246 243 241 239
 236 233 229 225 217 210 199 190 187 185 183 179 177 174 167 159 155 155
 158 159 161 162 160 156 152 150 143 137 132 134 138 141 142 144 143 140
 137 134 128 121 119 121 125 127 127 127 128 131 133 134 133 134 134 133
 134 137 139 139 135 135 140 146 150 153 156 158 160 161 161 160 159 155
 153 155 159 163 164 164 164 157 148 144 145 146 145 143 142 141 141 143
 143 141]

